case:
  body:
    up_to_step: 1
    status: in_progress
    metrics:
      metric_1: 0.1
      metric_2: 0.2
      metric_3: 0.30000000000000004
      metric_4: 0.4
      metric_5: 0.5
      metric_6: 0.6000000000000001
      metric_7: 0.7000000000000001
      metric_8: 0.8
      metric_9: 0.9
      metric_10: 1.0
      metric_11: 1.1
      metric_12: 1.2000000000000002
      metric_13: 1.3
      metric_14: 1.4000000000000001
      metric_15: 1.5
      metric_16: 1.6
      metric_17: 1.7000000000000002
      metric_18: 1.8
      metric_19: 1.9000000000000001
      metric_20: 2.0
      metric_21: 2.1
      metric_22: 2.2
      metric_23: 2.3000000000000003
      metric_24: 2.4000000000000004
      metric_25: 2.5
      metric_26: 2.6
      metric_27: 2.7
      metric_28: 2.8000000000000003
      metric_29: 2.9000000000000004
      metric_30: 3.0
      metric_31: 3.1
      metric_32: 3.2
      metric_33: 3.3000000000000003
      metric_34: 3.4000000000000004
      metric_35: 3.5
      metric_36: 3.6
      metric_37: 3.7
      metric_38: 3.8000000000000003
      metric_39: 3.9000000000000004
      metric_40: 4.0
      metric_41: 4.1000000000000005
      metric_42: 4.2
      metric_43: 4.3
      metric_44: 4.4
      metric_45: 4.5
      metric_46: 4.6000000000000005
      metric_47: 4.7
      metric_48: 4.800000000000001
      metric_49: 4.9
      metric_50: 5.0
      metric_51: 5.1000000000000005
  headers:
    content-type: application/json; charset=utf-8
    if-match: W/"1"
  id: fork_metrics_exceeds_50
  method: POST
  path: /trajectories/{{store.hidden_create_for_fork_basic}}/fork
expected:
  output:
    properties:
      error:
        properties:
          code:
            const: VALIDATION_FAILED
          message:
            type: string
          field_path:
            const: metrics
        required:
        - code
        - message
        - field_path
        type: object
    required:
    - error
    type: object
  status_code: 422
